{
    "RGB_intrinsic": {
        "type_id": "opencv-matrix",
        "rows": 3,
        "cols": 3,
        "dt": "f",
        "data": [ 8.45605042e+02, 0.0, 9.63175049e+02, 0.0,
            6.43144592e+02, 5.58946167e+02, 0.0, 0.0, 1.0 ]
    },
    "SPAD_intrinsic": {
        "type_id": "opencv-matrix",
        "rows": 3,
        "cols": 3,
        "dt": "f",
        "data": [ 9.94254684e+01, 0.0, 8.59545212e+01, 0.0,
            9.94196167e+01, 7.00900192e+01, 0.0, 0.0, 1.0 ]
    },
    "RGB_dist": {
        "type_id": "opencv-matrix",
        "rows": 1,
        "cols": 8,
        "dt": "f",
        "data": [ -2.46899545e-01, 4.96742308e-01, -7.10907625e-04,
            -1.67723178e-04, 2.78084390e-02, -1.82270005e-01,
            3.85724813e-01, 1.10718764e-01 ]
    },
    "SPAD_dist": {
        "type_id": "opencv-matrix",
        "rows": 1,
        "cols": 8,
        "dt": "f",
        "data": [ -2.32697701e+00, 3.02736378e+00, -8.80630454e-04,
            -1.15427608e-03, -8.45461130e-01, -2.27162647e+00,
            2.91655564e+00, -7.50008225e-01 ]
    },
    "R": {
        "type_id": "opencv-matrix",
        "rows": 3,
        "cols": 3,
        "dt": "f",
        "data": [ 9.99988437e-01, -4.71612439e-03, -9.57530341e-04,
            4.75895265e-03, 9.98678029e-01, 5.11810407e-02,
            7.14888389e-04, -5.11850044e-02, 9.98688936e-01 ]
    },
    "T": {
        "type_id": "opencv-matrix",
        "rows": 3,
        "cols": 1,
        "dt": "f",
        "data": [ 1.09322304e-02, 3.49359994e-04, -2.16951990e-03 ]
    }
}
